data;time;1;2;3;4;5;6;7;8;9;10;11;12;13;14;15;16;17;18;19;20
2021-10-25;America - MG;0.0;0.00014;0.00061;0.00238;0.0079;0.01895;0.03879;0.06599;0.09133;0.10922;0.1187;0.11612;0.10932;0.09446;0.07846;0.06289;0.04484;0.02759;0.0123;1e-05
2021-10-25;Athletico Paranaense - PR;0.0;0.0006;0.00277;0.00858;0.02078;0.04356;0.07157;0.09632;0.11923;0.12226;0.11529;0.10102;0.08736;0.06882;0.0539;0.04016;0.02657;0.01507;0.00614;0.0
2021-10-25;Atlético - GO;0.0;0.00101;0.00377;0.01097;0.02446;0.04835;0.07855;0.106;0.12413;0.11934;0.10928;0.09444;0.07812;0.06436;0.04941;0.03812;0.02602;0.01607;0.0076;0.0
2021-10-25;Atlético Mineiro - MG;0.95431;0.04048;0.00435;0.00068;0.00016;2e-05;0.0;0.0;0.0;0.0;0.0;0.0;0.0;0.0;0.0;0.0;0.0;0.0;0.0;0.0
2021-10-25;Bahia - BA;0.0;3e-05;0.00032;0.00093;0.00327;0.00973;0.02143;0.0382;0.05896;0.07526;0.08899;0.10097;0.10605;0.10882;0.10432;0.09618;0.08262;0.06335;0.04051;6e-05
2021-10-25;Ceará - CE;0.0;7e-05;0.00026;0.00085;0.0022;0.00556;0.01368;0.02563;0.04248;0.05808;0.07286;0.08781;0.0998;0.11071;0.11873;0.11418;0.10362;0.08616;0.05722;0.0001
2021-10-25;Chapecoense - SC;0.0;0.0;0.0;0.0;0.0;0.0;0.0;0.0;0.0;0.0;0.0;0.0;0.0;0.0;1e-05;2e-05;9e-05;0.00058;0.00677;0.99253
2021-10-25;Corinthians - SP;0.00021;0.01817;0.04574;0.0882;0.14052;0.19664;0.17666;0.12803;0.08326;0.05039;0.03048;0.01849;0.01163;0.00617;0.00306;0.00152;0.00064;0.00018;1e-05;0.0
2021-10-25;Cuiabá - MT;0.0;9e-05;0.00052;0.00218;0.0069;0.01694;0.0325;0.05755;0.08295;0.10155;0.11449;0.11691;0.11216;0.10298;0.08717;0.07017;0.05032;0.03078;0.01384;0.0
2021-10-25;Flamengo - RJ;0.03118;0.42533;0.23996;0.14202;0.08359;0.04305;0.02043;0.00897;0.00315;0.00139;0.00063;0.00016;8e-05;3e-05;3e-05;0.0;0.0;0.0;0.0;0.0
2021-10-25;Fluminense - RJ;4e-05;0.0045;0.01534;0.03761;0.07372;0.12235;0.15741;0.16129;0.12875;0.09749;0.0696;0.04799;0.03384;0.02208;0.01408;0.0076;0.00416;0.00174;0.00041;0.0
2021-10-25;Fortaleza - CE;0.00636;0.23677;0.27426;0.2132;0.14293;0.07259;0.03294;0.01342;0.00483;0.00176;0.00057;0.00031;4e-05;0.0;2e-05;0.0;0.0;0.0;0.0;0.0
2021-10-25;Grêmio - RS;0.0;1e-05;5e-05;0.00014;0.00091;0.00275;0.0059;0.01065;0.0179;0.028;0.03737;0.04921;0.06323;0.07985;0.10056;0.12101;0.14464;0.16576;0.17073;0.00133
2021-10-25;Internacional - RS;2e-05;0.00793;0.02597;0.0573;0.10518;0.16204;0.17922;0.15405;0.10896;0.07603;0.04857;0.03235;0.01938;0.0116;0.00637;0.00306;0.00143;0.00044;0.0001;0.0
2021-10-25;Juventude - RS;0.0;0.0;1e-05;0.0;0.0001;0.00035;0.00124;0.0037;0.00747;0.01375;0.02242;0.03394;0.04854;0.06735;0.09218;0.12343;0.16067;0.20166;0.22155;0.00164
2021-10-25;Palmeiras - SP;0.00552;0.16727;0.22279;0.22387;0.17579;0.10152;0.05391;0.02701;0.01256;0.00571;0.00223;0.00122;0.00037;0.00016;7e-05;0.0;0.0;0.0;0.0;0.0
2021-10-25;Red Bull Bragantino - SP;0.00236;0.09757;0.16283;0.2099;0.20726;0.14276;0.0872;0.04659;0.02347;0.01123;0.00547;0.00203;0.00085;0.00035;8e-05;3e-05;2e-05;0.0;0.0;0.0
2021-10-25;Santos - SP;0.0;0.0;4e-05;0.00021;0.00086;0.00288;0.00638;0.01321;0.02321;0.03535;0.04777;0.06424;0.07975;0.09813;0.11579;0.1325;0.13977;0.1316;0.10751;0.0008
2021-10-25;Sport - PE;0.0;0.0;0.0;2e-05;0.0001;0.00024;0.00095;0.00288;0.00551;0.00986;0.01581;0.02435;0.0351;0.05026;0.07227;0.09961;0.14474;0.20856;0.32624;0.0035
2021-10-25;São Paulo - SP;0.0;3e-05;0.00041;0.00096;0.00337;0.00972;0.02124;0.04051;0.06185;0.08333;0.09947;0.10844;0.11438;0.11387;0.10349;0.08952;0.06985;0.05046;0.02907;3e-05
2021-10-25;America - MG;0.0;0.00015;0.00064;0.00222;0.00773;0.01895;0.03932;0.06501;0.0916;0.10881;0.11739;0.1171;0.10864;0.09519;0.07908;0.06303;0.0444;0.02792;0.0128;2e-05
2021-10-25;Athletico Paranaense - PR;0.0;0.0005;0.0029;0.00908;0.02079;0.0428;0.07065;0.09943;0.12042;0.12227;0.11299;0.09986;0.08495;0.07071;0.05421;0.0401;0.02702;0.01528;0.00603;1e-05
2021-10-25;Atlético - GO;1e-05;0.00109;0.004;0.01083;0.02315;0.04822;0.07809;0.1081;0.1251;0.11989;0.10888;0.0929;0.0795;0.06251;0.04964;0.037;0.02618;0.01713;0.00777;1e-05
2021-10-25;Atlético Mineiro - MG;0.95489;0.03985;0.00442;0.00072;0.00012;0.0;0.0;0.0;0.0;0.0;0.0;0.0;0.0;0.0;0.0;0.0;0.0;0.0;0.0;0.0
2021-10-25;Bahia - BA;0.0;2e-05;0.00026;0.00092;0.0033;0.00965;0.02078;0.03795;0.05803;0.07619;0.09016;0.10075;0.10631;0.1074;0.10456;0.09705;0.082;0.06284;0.04173;0.0001
2021-10-25;Ceará - CE;0.0;1e-05;0.00015;0.00074;0.00221;0.00586;0.01375;0.02709;0.04162;0.05666;0.07327;0.08779;0.09988;0.11204;0.11847;0.11457;0.10386;0.08431;0.05761;0.00011
2021-10-25;Chapecoense - SC;0.0;0.0;0.0;0.0;0.0;0.0;0.0;0.0;0.0;0.0;0.0;0.0;0.0;0.0;0.0;1e-05;7e-05;0.00073;0.00662;0.99257
2021-10-25;Corinthians - SP;0.00018;0.01812;0.04557;0.08682;0.14235;0.19774;0.17948;0.12662;0.08135;0.05055;0.03096;0.01883;0.01064;0.00562;0.00301;0.00131;0.00065;0.00019;1e-05;0.0
2021-10-25;Cuiabá - MT;0.0;0.0001;0.00046;0.00205;0.00633;0.01691;0.03293;0.05739;0.08076;0.10406;0.11488;0.11621;0.11245;0.1034;0.08788;0.06935;0.05051;0.03068;0.01362;3e-05
2021-10-25;Flamengo - RJ;0.03034;0.42553;0.23984;0.14522;0.0806;0.04278;0.02053;0.00905;0.00356;0.00165;0.0005;0.00026;0.0001;4e-05;0.0;0.0;0.0;0.0;0.0;0.0
2021-10-25;Fluminense - RJ;4e-05;0.00448;0.01501;0.0378;0.07288;0.12339;0.15583;0.15985;0.13065;0.09702;0.06922;0.04923;0.03378;0.02225;0.01439;0.00803;0.00386;0.00175;0.00054;0.0
2021-10-25;Fortaleza - CE;0.0063;0.23512;0.27438;0.21363;0.14379;0.0728;0.03323;0.01292;0.00499;0.00191;0.00059;0.00029;5e-05;0.0;0.0;0.0;0.0;0.0;0.0;0.0
2021-10-25;Grêmio - RS;0.0;0.0;3e-05;0.00022;0.00084;0.00218;0.00554;0.0109;0.01829;0.02749;0.03776;0.04995;0.0621;0.07837;0.10011;0.12147;0.14742;0.16529;0.17088;0.00116
2021-10-25;Internacional - RS;0.0;0.00808;0.02543;0.05786;0.10648;0.16225;0.17885;0.1525;0.10883;0.07543;0.05012;0.03167;0.0196;0.01172;0.00629;0.00292;0.0015;0.00035;0.00012;0.0
2021-10-25;Juventude - RS;0.0;0.0;0.0;3e-05;2e-05;0.0005;0.00147;0.00374;0.00747;0.014;0.02163;0.03411;0.04953;0.06794;0.09166;0.12328;0.16297;0.20106;0.21899;0.0016
2021-10-25;Palmeiras - SP;0.00573;0.17032;0.22355;0.22169;0.17623;0.10137;0.05349;0.02615;0.01229;0.00568;0.00217;0.00094;0.00024;9e-05;5e-05;1e-05;0.0;0.0;0.0;0.0
2021-10-25;Red Bull Bragantino - SP;0.00251;0.09656;0.16297;0.2088;0.20894;0.14218;0.08688;0.0477;0.02347;0.0111;0.0052;0.00227;0.00085;0.0004;0.00016;1e-05;0.0;0.0;0.0;0.0
2021-10-25;Santos - SP;0.0;0.0;2e-05;0.00019;0.00075;0.00277;0.00685;0.01359;0.0234;0.03483;0.04775;0.06293;0.08044;0.09834;0.11697;0.13153;0.13762;0.13305;0.10808;0.00089
2021-10-25;Sport - PE;0.0;0.0;0.0;2e-05;0.0001;0.00029;0.00118;0.00277;0.00545;0.00981;0.01618;0.02425;0.03629;0.05135;0.07066;0.1023;0.14143;0.20904;0.32538;0.0035
2021-10-25;São Paulo - SP;0.0;7e-05;0.00037;0.00116;0.00339;0.00936;0.02115;0.03924;0.06272;0.08265;0.10035;0.11066;0.11465;0.11263;0.10286;0.08803;0.07051;0.05038;0.02982;0.0
